3,2
3,1
3,3
10,95
10,67
10,180
10,106
10,15
10,76
10,22
10,1
10,87
10,2
10,3
11,13
11,8
11,17
11,6
11,11
11,16
11,1
11,24
11,2
11,3
9,5
9,1
9,7
9,2
9,3
8,5
8,10
8,15
8,14
8,13
8,8
8,1
8,7
8,2
8,3
0,318
12,2
12,1
12,3
20,2
20,1
20,3
19,2
19,1
19,3
34,88
34,87
34,86
34,85
34,84
34,83
34,82
34,81
34,80
34,79
34,78
34,77
34,76
34,75
18,1
34,74
18,3
34,73
34,72
34,71
34,70
34,69
34,68
34,67
14,1
34,66
14,4
34,65
14,3
34,64
13,1
34,37
13,3
34,36
34,35
34,34
34,33
34,32
34,31
34,30
34,29
34,28
34,27
34,26
34,25
34,24
34,23
34,22
34,21
34,20
34,19
34,18
34,17
34,16
34,15
34,14
34,13
34,12
34,11
34,10
